01-ott-14;1040759.89;586288.52;854856.43;359322.58;391284.47;3850512.83
01-set-14;1036937.92;588035.12;853951.12;359452.07;390925.2;3844872.39
01-ago-14;1034332.14;592944.42;852294.09;359527.34;390243.23;3843259.58
01-lug-14;1029903.61;595064.99;850988.04;359883.76;390529.61;3838205.07
01-giu-14;1026527.11;597393.43;846933.4;359579.1;390501.8;3832181.07
01-mag-14;1024833.94;599254.73;843706.34;360103.32;389848.19;3829245.62
1-Apr-2014;1021965.37;600843.17;886982.26;360023.6;388144.68;3868843.87
1-Mar-2014;1020242.68;601114.08;885808.59;360219.53;388300.6;3863112.65
01-feb-14;1019429.4;602667.13;883640.9;360445.25;387819.12;3860097.74
01-gen-14;1017632.55;604466;881665.13;360822.16;387249.24;3857833.74
01-dic-13;1019370.46;606380.07;881742.67;361565.03;388127.52;3857469.23
1-Nov-2013;1020192.53;610970.27;875985.37;362051.18;388122.68;3856571.52
01-ott-13;1017451.29;610197.87;874841.03;362263.93;388854.41;3853838.19
01-set-13;1014741.95;612522.17;871707.25;362535.01;385955.77;3846429.9
01-ago-13;1012770.57;616151.01;867913.06;362902.35;386166.37;3838631.37
01-lug-13;1009256.62;618605.67;866752.58;363823.76;387367.74;3838098.01
01-giu-13;1006158.96;620728.83;861995.1;364093.94;392476.78;3840109.48
01-mag-13;1003795.17;621365.71;857855.23;364306.38;392506.35;3832539.13
1-Apr-2013;1001690.28;623744.69;855916.17;364432.47;397581.46;3836842.9
1-Mar-2013;1000640.32;627304.97;853621.85;364827.12;398047.05;3837593.61
01-feb-13;999308.26;628864.84;851006.44;364859.18;397754.83;3833870.65
01-gen-13;998521.47;631789.05;848868.3;365176.45;394595.7;3830685.01
01-dic-12;999145.74;635058.51;847604.33;365979.61;388871.89;3830186.43
1-Nov-2012;998162.2;637036.72;844415.05;366155.39;391317;3822417.11
01-ott-12;994065.75;638934.12;842333.62;366230.52;389990.22;3816326.37
01-set-12;990644.64;641493.91;842127.95;366416.88;390907.95;3815507.77
01-ago-12;987811.04;643457.49;840140.78;366195.77;389628.01;3809797.85
01-lug-12;984793.31;645857.24;839498.58;367290.36;387703.16;3808755.61
01-giu-12;982867.83;646261.66;836133.04;367269.23;386080.6;3806182.55
01-mag-12;980564.51;649424.17;834213.28;367217.84;375112.1;3792523.66
1-Apr-2012;978662.27;652163.98;832877.66;366680.89;374177.05;3789629.57
1-Mar-2012;979751.7;651808.81;832134.13;366975.08;373017.82;3786429.13
01-feb-12;978593.97;652849.81;829724.06;366652.5;370773.67;3779890.24
01-gen-12;978558.76;655629.27;829162.76;366598.6;371205.98;3781555.17
01-dic-11;979941.07;658682.73;823258.87;367815.61;374832.73;3784425.41
1-Nov-2011;979396.65;654897.25;816221.32;367296.96;376059.59;3777332.41
01-ott-11;977236.26;656103.92;813660.88;365534.85;373315.79;3770933.56
01-set-11;976036.4;657992.57;813570.11;364445.35;392876.51;3809797.82
01-ago-11;974078.46;658515.77;809514.44;363223.37;389314.34;3799390.73
01-lug-11;972615.55;660728.15;807472.76;363667.97;389237.25;3798915.79
01-giu-11;970857.39;661302.61;800275.44;361533.36;399191.28;3794675.13
01-mag-11;969556.96;660901.31;794283.01;359895.84;397403.09;3780078.83
1-Apr-2011;967775.23;662665.46;787588.55;358486.94;395472.2;3766764.9
1-Mar-2011;967337.03;660495.57;784504.7;356857.15;394358.53;3756612.97
01-feb-11;966891.44;661595.41;780786.97;354492.4;372340.93;3727626.24
01-gen-11;966614.66;663462.76;777015.17;352906.94;374066.98;3724576.85
01-dic-10;968542.46;665222.26;775265.03;352269.28;361424.41;3706884.59
1-Nov-2010;968757.84;662795.09;762335.98;350419.04;352368.9;3683084.33
01-ott-10;967017.53;661400.88;756300.47;348551.3;353214.28;3674747.89
01-set-10;965474.45;661727.96;753399.22;346990.14;342407.15;3657797.2
01-ago-10;964125.13;662532.53;748851.78;345497.85;342943.01;3649511.92
01-lug-10;962399.04;663572.32;745039.03;345725.08;340513.52;3639490.17
01-giu-10;960486.2;663145.14;737556.16;343508.53;341645.42;3626793.96
01-mag-10;960190.85;660318.29;729107.66;292041.31;384718.45;3596836.3
1-Apr-2010;959652.32;658360.9;726067.48;288433.67;383329.22;3583023.43
1-Mar-2010;959131.89;658067.58;724732.12;286850.68;384276.87;3576093.95
01-feb-10;958746.64;657951.53;720665.45;284686.72;383049.2;3565159.15
01-gen-10;959828.08;657498.34;718541.27;282688.86;380555.28;3557556.72
01-dic-09;962332.4;657191.08;716448.74;280481.06;378418.82;3551673.3
1-Nov-2009;962771.98;656418.93;709105.09;278307.29;372942.15;3530956.93
01-ott-09;961746.28;656000.78;707040.22;276558.66;373037.21;3523111.05
01-set-09;960099.89;655108.92;705707.15;273916.86;371204.13;3515500.06
01-ago-09;958947.33;654982.34;702440.8;272424.11;369837.02;3503763.52
01-lug-09;956151.81;655504.21;700147.21;272199.89;369086.87;3500188.79
01-giu-09;955100.94;654377.07;695850.21;271103.37;367244.27;3488241.12
01-mag-09;955294.58;654668.34;692130.82;268893.24;369663.87;3481962.19
1-Apr-2009;954953.43;654780.55;691610.24;266992.08;371202.58;3479840.73
1-Mar-2009;953998.52;654316.49;692432.41;265162.76;368824.08;3481951.53
01-feb-09;955905.49;657606.79;692258.16;263579.99;375769.35;3492280.88
01-gen-09;956829.39;658106.12;691978.12;264700.57;375864.68;3493702.01
01-dic-08;959840.77;658094.01;691182.62;264414.48;375656.37;3491099.8
1-Nov-2008;962548.85;658424.66;688973.46;263063.5;393142.82;3514474.2
01-ott-08;962550.24;656998.11;690183.54;261962.49;392546.86;3524890.51
01-set-08;963105.34;654979.31;687832.05;261715.41;391326.35;3525772.7
01-ago-08;963218.92;653283.21;681885.71;259369.27;385540.06;3506626.8
01-lug-08;962796.2;651508.39;679059.57;258581.74;382751.09;3494763.06
01-giu-08;962159.72;648319.72;670467.95;256259.47;379029.26;3475834.26
01-mag-08;962239.18;646543.08;663153.97;257164.76;384350.32;3489284.39
1-Apr-2008;962265.27;642947.45;660095.26;256590.25;383531.95;3476465.18
1-Mar-2008;962903.98;638070.42;658172.91;259955.07;382864.65;3470029.8
01-feb-08;964312.41;634430.53;653244.65;268324.68;381067.56;3465826.33
01-gen-08;965151.47;629977.37;647830.77;266134.73;379246.92;3449663.17
01-dic-07;967492.77;626573.55;643142.48;265560.68;379015.21;3429454.24
1-Nov-2007;968952.43;624312.43;636254.2;268452.17;374025.99;3416882.05
01-ott-07;968744.43;618530.69;630574.74;266712.71;373560.74;3397312.26
01-set-07;969862.26;612786.1;625162.74;263073.02;378369.87;3383202.29
01-ago-07;969230.13;608065.94;619089.67;260432.7;379810.77;3364814.21
01-lug-07;968595.16;605210.21;613634.42;258771.29;380572.84;3349355.42
01-giu-07;970016.58;596619.9;605984.3;254564.53;377249.29;3327012.68
01-mag-07;969211.73;587322.98;597242.93;251647.35;379903.41;3303862.12
1-Apr-2007;970157.21;580258.5;590842.82;247851.61;377057.44;3278430.58
1-Mar-2007;971999.53;573826.75;586755.11;249273.56;375519.57;3265288.91
01-feb-07;972492.05;563407.69;580171.37;249324.78;374966.72;3244259.02
01-gen-07;973114.27;556586.48;575197.26;246233.51;372441.74;3222785.88
01-dic-06;976123.76;551506.57;569975.72;244409.2;369642.81;3203783.62
1-Nov-2006;975870.4;541907.11;561757.97;243628.6;369517.8;3181787.37
01-ott-06;975304.93;532268.8;556973.39;239784.57;370495.74;3157412.3
01-set-06;975100.66;525856.5;552022.69;239472.56;371183.14;3139698.71
01-ago-06;972965.24;518887.85;545322.51;236055.39;370797.23;3115003.96
01-lug-06;971094.85;513797.61;540102.52;237245.28;371257.81;3101021.4
01-giu-06;969945;504535.9;531165.69;232636.21;371098.61;3071750.6
01-mag-06;968901.76;494211.78;521380.53;229592.93;371396.77;3043160.67
1-Apr-2006;968459.69;484786.06;516578.22;228576.22;368250.32;3018188.03
1-Mar-2006;968337.64;477449.15;512360.98;225334.97;363975.91;2993985.48
01-feb-06;968246.54;466591.71;505607.96;220805.07;359990.86;2957566.91
01-gen-06;967706.54;458371.04;500416.86;217410.57;362698.76;2937507.45
01-dic-05;961186.38;450982.97;495105.06;217221.71;361198.48;2911593.92
1-Nov-2005;959266.39;439350.02;485854.61;213649.29;364722.29;2881533.64
01-ott-05;956604.66;430228.14;480439.8;210348.18;364823.89;2856029.48
01-set-05;955216.63;421193.19;477642.75;206984.13;356937.12;2824519.94
01-ago-05;953105.07;412792.37;472282.85;205287.36;355763.51;2799801.94
01-lug-05;951271.37;407706.83;467564.35;204168.87;351760.32;2777638.15
01-giu-05;948569.53;397093.84;459740.2;199600.13;347966.79;2742016.38
01-mag-05;947275.05;365698.23;451683.2;196135.87;344244.93;2686138.27
1-Apr-2005;946620.74;359958.04;447095.9;192112.94;341012.42;2662188.03
1-Mar-2005;946567.47;353692.4;443843.1;188703.82;337829.82;2640262.57
01-feb-05;946710.05;348497.68;439132.64;188233.24;334794.06;2621939.49
01-gen-05;947170.23;342175.52;435911.61;186444.57;334672.25;2607098.2
01-dic-04;949457.98;335665.34;432396.62;185016.06;331742.38;2591495.02
1-Nov-2004;948440.92;329263.44;427902.85;181760.93;329712.42;2572078.03
01-ott-04;947774.72;322960.86;425270.89;179000.8;327571.4;2554051.82
01-set-04;946700.29;316791.9;422246.64;175844.43;325065.53;2533580.22
01-ago-04;942649.02;310738.63;418606.51;173300.91;321043.01;2507979.08
01-lug-04;940461.97;306802.7;415171.08;172489.76;318126.11;2490989.66
01-giu-04;938066.07;303232.35;408458.81;168231.31;314908.15;2463756.29
01-mag-04;933558.13;300533.8;402052.52;165881.36;314142.79;2439564.02
1-Apr-2004;932197.44;295258.01;398443.26;163333.78;311314.54;2419220.9
1-Mar-2004;931475.32;290334.45;395548.69;160120.06;308837.82;2400248.6
01-feb-04;935607.47;284541.77;391408.44;158296.44;305832.08;2384915.35
01-gen-04;936871.34;280389.18;388593.92;155778.18;304665.09;2372606.5
01-dic-03;937379.02;277573.29;385078.11;154374.25;302392.96;2360453.05
1-Nov-2003;935754.76;275020.58;380238.41;152087.99;299003.64;2342876.39
01-ott-03;933729.31;270471.03;378256.8;150837.93;296623.14;2328927.93
01-set-03;930259.28;265990.31;375041.54;147686.3;295621.18;2310283.35
01-ago-03;928684.24;264897;371047.23;145214.6;299141.25;2300340.4
01-lug-03;926521.59;261996.84;368154.84;144457.48;296793.1;2285513.85
01-giu-03;924700.89;257531.99;362184.98;141114.68;293522.8;2262745.11
01-mag-03;923697.12;254067.11;358873.44;140476.75;292755.8;2249880.13
1-Apr-2003;921416.86;250239.63;357467.38;137723.55;291159.36;2235138.83
1-Mar-2003;921356.69;245865.21;355351.88;136956.42;289711.74;2224711.91
01-feb-03;914664.88;242451.15;353173.25;134721.87;287888.8;2205513.72
01-gen-03;913276.76;239000.3;351330.82;132366.3;285393.87;2192216.02
